Datum;BundeslandID;Bevölkerung;Name;Auslieferungen;AuslieferungenPro100;Bestellungen;BestellungenPro100
2021-01-09T23:59:59+01:00;0;;Bundesbeschaffung;;;;
2021-01-09T23:59:59+01:00;1;294436;Burgenland;1260;0.43;3995;1.36
2021-01-09T23:59:59+01:00;2;561293;Kärnten;4255;0.76;6830;1.22
2021-01-09T23:59:59+01:00;3;1684287;Niederösterreich;8160;0.48;20070;1.19
2021-01-09T23:59:59+01:00;4;1490279;Oberösterreich;3690;0.25;21515;1.44
2021-01-09T23:59:59+01:00;5;558410;Salzburg;3230;0.58;7140;1.28
2021-01-09T23:59:59+01:00;6;1246395;Steiermark;5990;0.48;17805;1.43
2021-01-09T23:59:59+01:00;7;757634;Tirol;4855;0.64;9665;1.28
2021-01-09T23:59:59+01:00;8;397139;Vorarlberg;985;0.25;9210;2.32
2021-01-09T23:59:59+01:00;9;1911191;Wien;6120;0.32;15285;0.8
2021-01-09T23:59:59+01:00;10;8901064;Österreich;38545;0.43;111515;1.25
2021-01-10T23:59:59+01:00;0;;Bundesbeschaffung;;;;
2021-01-10T23:59:59+01:00;1;294436;Burgenland;1260;0.43;4230;1.44
2021-01-10T23:59:59+01:00;2;561293;Kärnten;3855;0.69;5875;1.05
2021-01-10T23:59:59+01:00;3;1684287;Niederösterreich;12140;0.72;20025;1.19
2021-01-10T23:59:59+01:00;4;1490279;Oberösterreich;3845;0.26;21385;1.43
2021-01-10T23:59:59+01:00;5;558410;Salzburg;3980;0.71;7190;1.29
2021-01-10T23:59:59+01:00;6;1246395;Steiermark;6255;0.5;18715;1.5
2021-01-10T23:59:59+01:00;7;757634;Tirol;5945;0.78;10685;1.41
2021-01-10T23:59:59+01:00;8;397139;Vorarlberg;6210;1.56;9210;2.32
2021-01-10T23:59:59+01:00;9;1911191;Wien;9435;0.49;15285;0.8
2021-01-10T23:59:59+01:00;10;8901064;Österreich;52925;0.59;112600;1.27
2021-01-11T23:59:59+01:00;0;;Bundesbeschaffung;;;;
2021-01-11T23:59:59+01:00;1;294436;Burgenland;1500;0.51;4940;1.68
2021-01-11T23:59:59+01:00;2;561293;Kärnten;4810;0.86;5880;1.05
2021-01-11T23:59:59+01:00;3;1684287;Niederösterreich;13650;0.81;21680;1.29
2021-01-11T23:59:59+01:00;4;1490279;Oberösterreich;7145;0.48;20195;1.36
2021-01-11T23:59:59+01:00;5;558410;Salzburg;4335;0.78;9335;1.67
2021-01-11T23:59:59+01:00;6;1246395;Steiermark;7560;0.61;25975;2.08
2021-01-11T23:59:59+01:00;7;757634;Tirol;7265;0.96;12790;1.69
2021-01-11T23:59:59+01:00;8;397139;Vorarlberg;7170;1.81;10210;2.57
2021-01-11T23:59:59+01:00;9;1911191;Wien;9845;0.52;19100;1
2021-01-11T23:59:59+01:00;10;8901064;Österreich;63280;0.71;130105;1.46
2021-01-12T23:59:59+01:00;0;;Bundesbeschaffung;;;;
2021-01-12T23:59:59+01:00;1;294436;Burgenland;1800;0.61;5210;1.77
2021-01-12T23:59:59+01:00;2;561293;Kärnten;5710;1.02;9165;1.63
2021-01-12T23:59:59+01:00;3;1684287;Niederösterreich;14765;0.88;23530;1.4
2021-01-12T23:59:59+01:00;4;1490279;Oberösterreich;9450;0.63;20015;1.34
2021-01-12T23:59:59+01:00;5;558410;Salzburg;4910;0.88;10190;1.82
2021-01-12T23:59:59+01:00;6;1246395;Steiermark;10065;0.81;27060;2.17
2021-01-12T23:59:59+01:00;7;757634;Tirol;8135;1.07;13395;1.77
2021-01-12T23:59:59+01:00;8;397139;Vorarlberg;7415;1.87;10360;2.61
2021-01-12T23:59:59+01:00;9;1911191;Wien;11850;0.62;22760;1.19
2021-01-12T23:59:59+01:00;10;8901064;Österreich;74100;0.83;141685;1.59
2021-01-13T23:59:59+01:00;0;;Bundesbeschaffung;;;;
2021-01-13T23:59:59+01:00;1;294436;Burgenland;3095;1.05;5505;1.87
2021-01-13T23:59:59+01:00;2;561293;Kärnten;5770;1.03;9150;1.63
2021-01-13T23:59:59+01:00;3;1684287;Niederösterreich;14960;0.89;24525;1.46
2021-01-13T23:59:59+01:00;4;1490279;Oberösterreich;9685;0.65;22460;1.51
2021-01-13T23:59:59+01:00;5;558410;Salzburg;6015;1.08;10825;1.94
2021-01-13T23:59:59+01:00;6;1246395;Steiermark;13685;1.1;29870;2.4
2021-01-13T23:59:59+01:00;7;757634;Tirol;9130;1.21;13125;1.73
2021-01-13T23:59:59+01:00;8;397139;Vorarlberg;8725;2.2;10360;2.61
2021-01-13T23:59:59+01:00;9;1911191;Wien;13315;0.7;37615;1.97
2021-01-13T23:59:59+01:00;10;8901064;Österreich;84380;0.95;163435;1.84
2021-01-14T23:59:59+01:00;0;;Bundesbeschaffung;;;;
2021-01-14T23:59:59+01:00;1;294436;Burgenland;3095;1.05;5370;1.82
2021-01-14T23:59:59+01:00;2;561293;Kärnten;7270;1.3;9150;1.63
2021-01-14T23:59:59+01:00;3;1684287;Niederösterreich;15180;0.9;25475;1.51
2021-01-14T23:59:59+01:00;4;1490279;Oberösterreich;9675;0.65;24380;1.64
2021-01-14T23:59:59+01:00;5;558410;Salzburg;6355;1.14;10915;1.95
2021-01-14T23:59:59+01:00;6;1246395;Steiermark;14035;1.13;29740;2.39
2021-01-14T23:59:59+01:00;7;757634;Tirol;9355;1.23;13495;1.78
2021-01-14T23:59:59+01:00;8;397139;Vorarlberg;8915;2.24;10360;2.61
2021-01-14T23:59:59+01:00;9;1911191;Wien;13315;0.7;39020;2.04
2021-01-14T23:59:59+01:00;10;8901064;Österreich;87195;0.98;167905;1.89
2021-01-15T23:59:59+01:00;0;;Bundesbeschaffung;;;;
2021-01-15T23:59:59+01:00;1;294436;Burgenland;3450;1.17;5370;1.82
2021-01-15T23:59:59+01:00;2;561293;Kärnten;7270;1.3;9510;1.69
2021-01-15T23:59:59+01:00;3;1684287;Niederösterreich;15905;0.94;27214;1.62
2021-01-15T23:59:59+01:00;4;1490279;Oberösterreich;10725;0.72;35622;2.39
2021-01-15T23:59:59+01:00;5;558410;Salzburg;6735;1.21;10915;1.95
2021-01-15T23:59:59+01:00;6;1246395;Steiermark;14730;1.18;29635;2.38
2021-01-15T23:59:59+01:00;7;757634;Tirol;9355;1.23;14153;1.87
2021-01-15T23:59:59+01:00;8;397139;Vorarlberg;9425;2.37;10360;2.61
2021-01-15T23:59:59+01:00;9;1911191;Wien;25195;1.32;40232;2.11
2021-01-15T23:59:59+01:00;10;8901064;Österreich;102790;1.15;183011;2.06
2021-01-16T23:59:59+01:00;0;;Bundesbeschaffung;;;;
2021-01-16T23:59:59+01:00;1;294436;Burgenland;3450;1.17;5370;1.82
2021-01-16T23:59:59+01:00;2;561293;Kärnten;7270;1.3;9510;1.69
2021-01-16T23:59:59+01:00;3;1684287;Niederösterreich;15905;0.94;27214;1.62
2021-01-16T23:59:59+01:00;4;1490279;Oberösterreich;10725;0.72;35214;2.36
2021-01-16T23:59:59+01:00;5;558410;Salzburg;6735;1.21;10915;1.95
2021-01-16T23:59:59+01:00;6;1246395;Steiermark;14730;1.18;29635;2.38
2021-01-16T23:59:59+01:00;7;757634;Tirol;9355;1.23;14153;1.87
2021-01-16T23:59:59+01:00;8;397139;Vorarlberg;9425;2.37;10438;2.63
2021-01-16T23:59:59+01:00;9;1911191;Wien;25195;1.32;40207;2.1
2021-01-16T23:59:59+01:00;10;8901064;Österreich;102790;1.15;182656;2.05
2021-01-17T23:59:59+01:00;0;;Bundesbeschaffung;;;;
2021-01-17T23:59:59+01:00;1;294436;Burgenland;4125;1.4;5370;1.82
2021-01-17T23:59:59+01:00;2;561293;Kärnten;9510;1.69;9510;1.69
2021-01-17T23:59:59+01:00;3;1684287;Niederösterreich;20713;1.23;27214;1.62
2021-01-17T23:59:59+01:00;4;1490279;Oberösterreich;19781;1.33;36954;2.48
2021-01-17T23:59:59+01:00;5;558410;Salzburg;8635;1.55;10915;1.95
2021-01-17T23:59:59+01:00;6;1246395;Steiermark;22675;1.82;29635;2.38
2021-01-17T23:59:59+01:00;7;757634;Tirol;12838;1.69;14153;1.87
2021-01-17T23:59:59+01:00;8;397139;Vorarlberg;9765;2.46;10438;2.63
2021-01-17T23:59:59+01:00;9;1911191;Wien;32190;1.68;40207;2.1
2021-01-17T23:59:59+01:00;10;8901064;Österreich;140232;1.58;184396;2.07
2021-01-18T23:59:59+01:00;0;;Bundesbeschaffung;;;;
2021-01-18T23:59:59+01:00;1;294436;Burgenland;4410;1.5;5898;2
2021-01-18T23:59:59+01:00;2;561293;Kärnten;9510;1.69;9510;1.69
2021-01-18T23:59:59+01:00;3;1684287;Niederösterreich;23665;1.41;27262;1.62
2021-01-18T23:59:59+01:00;4;1490279;Oberösterreich;20269;1.36;35622;2.39
2021-01-18T23:59:59+01:00;5;558410;Salzburg;9445;1.69;10915;1.95
2021-01-18T23:59:59+01:00;6;1246395;Steiermark;24735;1.98;29683;2.38
2021-01-18T23:59:59+01:00;7;757634;Tirol;13363;1.76;14153;1.87
2021-01-18T23:59:59+01:00;8;397139;Vorarlberg;9895;2.49;10438;2.63
2021-01-18T23:59:59+01:00;9;1911191;Wien;35411;1.85;41893;2.19
2021-01-18T23:59:59+01:00;10;8901064;Österreich;150703;1.69;185374;2.08
2021-01-19T23:59:59+01:00;0;;Bundesbeschaffung;;;;
2021-01-19T23:59:59+01:00;1;294436;Burgenland;4725;1.6;5898;2
2021-01-19T23:59:59+01:00;2;561293;Kärnten;9510;1.69;12030;2.14
2021-01-19T23:59:59+01:00;3;1684287;Niederösterreich;24591;1.46;27262;1.62
2021-01-19T23:59:59+01:00;4;1490279;Oberösterreich;26221;1.76;36258;2.43
2021-01-19T23:59:59+01:00;5;558410;Salzburg;10050;1.8;12235;2.19
2021-01-19T23:59:59+01:00;6;1246395;Steiermark;25445;2.04;29638;2.38
2021-01-19T23:59:59+01:00;7;757634;Tirol;13363;1.76;14453;1.91
2021-01-19T23:59:59+01:00;8;397139;Vorarlberg;9970;2.51;10438;2.63
2021-01-19T23:59:59+01:00;9;1911191;Wien;38235;2;45949;2.4
2021-01-19T23:59:59+01:00;10;8901064;Österreich;162110;1.82;194161;2.18
2021-01-20T23:59:59+01:00;0;;Bundesbeschaffung;;;;
2021-01-20T23:59:59+01:00;1;294436;Burgenland;4851;1.65;5898;2
2021-01-20T23:59:59+01:00;2;561293;Kärnten;9510;1.69;12030;2.14
2021-01-20T23:59:59+01:00;3;1684287;Niederösterreich;24848;1.48;27298;1.62
2021-01-20T23:59:59+01:00;4;1490279;Oberösterreich;26657;1.79;35834;2.4
2021-01-20T23:59:59+01:00;5;558410;Salzburg;10115;1.81;14166;2.54
2021-01-20T23:59:59+01:00;6;1246395;Steiermark;25973;2.08;32849;2.64
2021-01-20T23:59:59+01:00;7;757634;Tirol;13508;1.78;14453;1.91
2021-01-20T23:59:59+01:00;8;397139;Vorarlberg;10285;2.59;10438;2.63
2021-01-20T23:59:59+01:00;9;1911191;Wien;41209;2.16;49465;2.59
2021-01-20T23:59:59+01:00;10;8901064;Österreich;166956;1.88;202431;2.27
2021-01-21T23:59:59+01:00;0;;Bundesbeschaffung;;;;
2021-01-21T23:59:59+01:00;1;294436;Burgenland;4851;1.65;5946;2.02
2021-01-21T23:59:59+01:00;2;561293;Kärnten;11310;2.01;13134;2.34
2021-01-21T23:59:59+01:00;3;1684287;Niederösterreich;24951;1.48;30628;1.82
2021-01-21T23:59:59+01:00;4;1490279;Oberösterreich;26837;1.8;36920;2.48
2021-01-21T23:59:59+01:00;5;558410;Salzburg;10215;1.83;14166;2.54
2021-01-21T23:59:59+01:00;6;1246395;Steiermark;26018;2.09;32849;2.64
2021-01-21T23:59:59+01:00;7;757634;Tirol;13878;1.83;15155;2
2021-01-21T23:59:59+01:00;8;397139;Vorarlberg;10285;2.59;10438;2.63
2021-01-21T23:59:59+01:00;9;1911191;Wien;41209;2.16;51391;2.69
2021-01-21T23:59:59+01:00;10;8901064;Österreich;169554;1.9;210627;2.37
2021-01-22T23:59:59+01:00;0;;Bundesbeschaffung;;;;
2021-01-22T23:59:59+01:00;1;294436;Burgenland;4901;1.66;5946;2.02
2021-01-22T23:59:59+01:00;2;561293;Kärnten;11310;2.01;13812;2.46
2021-01-22T23:59:59+01:00;3;1684287;Niederösterreich;24996;1.48;31810;1.89
2021-01-22T23:59:59+01:00;4;1490279;Oberösterreich;26837;1.8;37640;2.53
2021-01-22T23:59:59+01:00;5;558410;Salzburg;10355;1.85;14154;2.53
2021-01-22T23:59:59+01:00;6;1246395;Steiermark;26013;2.09;33030;2.65
2021-01-22T23:59:59+01:00;7;757634;Tirol;13878;1.83;16818;2.22
2021-01-22T23:59:59+01:00;8;397139;Vorarlberg;10285;2.59;10810;2.72
2021-01-22T23:59:59+01:00;9;1911191;Wien;41569;2.18;51547;2.7
2021-01-22T23:59:59+01:00;10;8901064;Österreich;170144;1.91;215567;2.42
2021-01-23T23:59:59+01:00;0;;Bundesbeschaffung;;;;
2021-01-23T23:59:59+01:00;1;294436;Burgenland;4901;1.66;6132;2.08
2021-01-23T23:59:59+01:00;2;561293;Kärnten;11310;2.01;13812;2.46
2021-01-23T23:59:59+01:00;3;1684287;Niederösterreich;24996;1.48;31810;1.89
2021-01-23T23:59:59+01:00;4;1490279;Oberösterreich;26837;1.8;37640;2.53
2021-01-23T23:59:59+01:00;5;558410;Salzburg;10355;1.85;14154;2.53
2021-01-23T23:59:59+01:00;6;1246395;Steiermark;26013;2.09;33030;2.65
2021-01-23T23:59:59+01:00;7;757634;Tirol;13878;1.83;17112;2.26
2021-01-23T23:59:59+01:00;8;397139;Vorarlberg;10285;2.59;10810;2.72
2021-01-23T23:59:59+01:00;9;1911191;Wien;41569;2.18;51547;2.7
2021-01-23T23:59:59+01:00;10;8901064;Österreich;170144;1.91;216047;2.43
2021-01-24T23:59:59+01:00;0;;Bundesbeschaffung;;;;
2021-01-24T23:59:59+01:00;1;294436;Burgenland;5364;1.82;6132;2.08
2021-01-24T23:59:59+01:00;2;561293;Kärnten;11982;2.13;13812;2.46
2021-01-24T23:59:59+01:00;3;1684287;Niederösterreich;26020;1.54;31810;1.89
2021-01-24T23:59:59+01:00;4;1490279;Oberösterreich;33112;2.22;37640;2.53
2021-01-24T23:59:59+01:00;5;558410;Salzburg;10633;1.9;14154;2.53
2021-01-24T23:59:59+01:00;6;1246395;Steiermark;28145;2.26;33030;2.65
2021-01-24T23:59:59+01:00;7;757634;Tirol;15473;2.04;17112;2.26
2021-01-24T23:59:59+01:00;8;397139;Vorarlberg;10657;2.68;10810;2.72
2021-01-24T23:59:59+01:00;9;1911191;Wien;44257;2.32;51547;2.7
2021-01-24T23:59:59+01:00;10;8901064;Österreich;185643;2.09;216047;2.43
2021-01-25T23:59:59+01:00;0;;Bundesbeschaffung;;;;
2021-01-25T23:59:59+01:00;1;294436;Burgenland;5364;1.82;6198;2.11
2021-01-25T23:59:59+01:00;2;561293;Kärnten;12024;2.14;13956;2.49
2021-01-25T23:59:59+01:00;3;1684287;Niederösterreich;26584;1.58;39166;2.33
2021-01-25T23:59:59+01:00;4;1490279;Oberösterreich;35042;2.35;46046;3.09
2021-01-25T23:59:59+01:00;5;558410;Salzburg;11059;1.98;14154;2.53
2021-01-25T23:59:59+01:00;6;1246395;Steiermark;28345;2.27;39798;3.19
2021-01-25T23:59:59+01:00;7;757634;Tirol;16023;2.11;17112;2.26
2021-01-25T23:59:59+01:00;8;397139;Vorarlberg;10657;2.68;13588;3.42
2021-01-25T23:59:59+01:00;9;1911191;Wien;44893;2.35;52981;2.77
2021-01-25T23:59:59+01:00;10;8901064;Österreich;189991;2.13;242999;2.73
2021-01-26T23:59:59+01:00;0;;Bundesbeschaffung;;;;
2021-01-26T23:59:59+01:00;1;294436;Burgenland;5364;1.82;6198;2.11
2021-01-26T23:59:59+01:00;2;561293;Kärnten;12354;2.2;15636;2.79
2021-01-26T23:59:59+01:00;3;1684287;Niederösterreich;27066;1.61;39502;2.35
2021-01-26T23:59:59+01:00;4;1490279;Oberösterreich;36056;2.42;46486;3.12
2021-01-26T23:59:59+01:00;5;558410;Salzburg;11494;2.06;14089;2.52
2021-01-26T23:59:59+01:00;6;1246395;Steiermark;28868;2.32;56968;4.57
2021-01-26T23:59:59+01:00;7;757634;Tirol;16571;2.19;17112;2.26
2021-01-26T23:59:59+01:00;8;397139;Vorarlberg;10502;2.64;13433;3.38
2021-01-26T23:59:59+01:00;9;1911191;Wien;47611;2.49;60025;3.14
2021-01-26T23:59:59+01:00;10;8901064;Österreich;195886;2.2;269449;3.03
2021-01-27T23:59:59+01:00;0;;Bundesbeschaffung;;;;
2021-01-27T23:59:59+01:00;1;294436;Burgenland;5616;1.91;7320;2.49
2021-01-27T23:59:59+01:00;2;561293;Kärnten;13548;2.41;17886;3.19
2021-01-27T23:59:59+01:00;3;1684287;Niederösterreich;29213;1.73;45022;2.67
2021-01-27T23:59:59+01:00;4;1490279;Oberösterreich;37540;2.52;47278;3.17
2021-01-27T23:59:59+01:00;5;558410;Salzburg;12456;2.23;15091;2.7
2021-01-27T23:59:59+01:00;6;1246395;Steiermark;30989;2.49;57479;4.61
2021-01-27T23:59:59+01:00;7;757634;Tirol;16997;2.24;19596;2.59
2021-01-27T23:59:59+01:00;8;397139;Vorarlberg;11894;2.99;16601;4.18
2021-01-27T23:59:59+01:00;9;1911191;Wien;50191;2.63;63007;3.3
2021-01-27T23:59:59+01:00;10;8901064;Österreich;208444;2.34;289280;3.25
2021-01-28T23:59:59+01:00;0;;Bundesbeschaffung;;;;
2021-01-28T23:59:59+01:00;1;294436;Burgenland;5616;1.91;7512;2.55
2021-01-28T23:59:59+01:00;2;561293;Kärnten;13548;2.41;19116;3.41
2021-01-28T23:59:59+01:00;3;1684287;Niederösterreich;31151;1.85;46270;2.75
2021-01-28T23:59:59+01:00;4;1490279;Oberösterreich;37630;2.53;47278;3.17
2021-01-28T23:59:59+01:00;5;558410;Salzburg;12631;2.26;16213;2.9
2021-01-28T23:59:59+01:00;6;1246395;Steiermark;31331;2.51;57443;4.61
2021-01-28T23:59:59+01:00;7;757634;Tirol;16997;2.24;24678;3.26
2021-01-28T23:59:59+01:00;8;397139;Vorarlberg;13355;3.36;16601;4.18
2021-01-28T23:59:59+01:00;9;1911191;Wien;50191;2.63;63313;3.31
2021-01-28T23:59:59+01:00;10;8901064;Österreich;212450;2.39;298424;3.35
2021-01-29T23:59:59+01:00;0;;Bundesbeschaffung;;;;
2021-01-29T23:59:59+01:00;1;294436;Burgenland;5807;1.97;7998;2.72
2021-01-29T23:59:59+01:00;2;561293;Kärnten;13548;2.41;19158;3.41
2021-01-29T23:59:59+01:00;3;1684287;Niederösterreich;32160;1.91;48814;2.9
2021-01-29T23:59:59+01:00;4;1490279;Oberösterreich;37630;2.53;48838;3.28
2021-01-29T23:59:59+01:00;5;558410;Salzburg;12787;2.29;17761;3.18
2021-01-29T23:59:59+01:00;6;1246395;Steiermark;31423;2.52;57425;4.61
2021-01-29T23:59:59+01:00;7;757634;Tirol;16997;2.24;25530;3.37
2021-01-29T23:59:59+01:00;8;397139;Vorarlberg;13355;3.36;16601;4.18
2021-01-29T23:59:59+01:00;9;1911191;Wien;51433;2.69;63397;3.32
2021-01-29T23:59:59+01:00;10;8901064;Österreich;215140;2.42;305522;3.43
2021-01-30T23:59:59+01:00;0;;Bundesbeschaffung;;;;
2021-01-30T23:59:59+01:00;1;294436;Burgenland;5807;1.97;7998;2.72
2021-01-30T23:59:59+01:00;2;561293;Kärnten;13133;2.34;18743;3.34
2021-01-30T23:59:59+01:00;3;1684287;Niederösterreich;32160;1.91;48814;2.9
2021-01-30T23:59:59+01:00;4;1490279;Oberösterreich;37630;2.53;48838;3.28
2021-01-30T23:59:59+01:00;5;558410;Salzburg;12787;2.29;17761;3.18
2021-01-30T23:59:59+01:00;6;1246395;Steiermark;31423;2.52;57425;4.61
2021-01-30T23:59:59+01:00;7;757634;Tirol;16997;2.24;25374;3.35
2021-01-30T23:59:59+01:00;8;397139;Vorarlberg;13355;3.36;16601;4.18
2021-01-30T23:59:59+01:00;9;1911191;Wien;51433;2.69;63397;3.32
2021-01-30T23:59:59+01:00;10;8901064;Österreich;214725;2.41;304951;3.43
2021-01-31T23:59:59+01:00;0;;Bundesbeschaffung;;;;
2021-01-31T23:59:59+01:00;1;294436;Burgenland;5807;1.97;7998;2.72
2021-01-31T23:59:59+01:00;2;561293;Kärnten;13133;2.34;18743;3.34
2021-01-31T23:59:59+01:00;3;1684287;Niederösterreich;32160;1.91;49414;2.93
2021-01-31T23:59:59+01:00;4;1490279;Oberösterreich;37630;2.53;48838;3.28
2021-01-31T23:59:59+01:00;5;558410;Salzburg;12787;2.29;17761;3.18
2021-01-31T23:59:59+01:00;6;1246395;Steiermark;31423;2.52;58571;4.7
2021-01-31T23:59:59+01:00;7;757634;Tirol;16997;2.24;25374;3.35
2021-01-31T23:59:59+01:00;8;397139;Vorarlberg;13355;3.36;16601;4.18
2021-01-31T23:59:59+01:00;9;1911191;Wien;51433;2.69;63397;3.32
2021-01-31T23:59:59+01:00;10;8901064;Österreich;214725;2.41;306697;3.45
2021-02-01T23:59:59+01:00;0;;Bundesbeschaffung;;;;
2021-02-01T23:59:59+01:00;1;294436;Burgenland;6726;2.28;7998;2.72
2021-02-01T23:59:59+01:00;2;561293;Kärnten;15017;2.68;20849;3.71
2021-02-01T23:59:59+01:00;3;1684287;Niederösterreich;41395;2.46;50206;2.98
2021-02-01T23:59:59+01:00;4;1490279;Oberösterreich;37798;2.54;59254;3.98
2021-02-01T23:59:59+01:00;5;558410;Salzburg;15199;2.72;18121;3.25
2021-02-01T23:59:59+01:00;6;1246395;Steiermark;35138;2.82;60905;4.89
2021-02-01T23:59:59+01:00;7;757634;Tirol;22314;2.95;27816;3.67
2021-02-01T23:59:59+01:00;8;397139;Vorarlberg;13985;3.52;16601;4.18
2021-02-01T23:59:59+01:00;9;1911191;Wien;54511;2.85;64375;3.37
2021-02-01T23:59:59+01:00;10;8901064;Österreich;242083;2.72;326125;3.66
2021-02-02T23:59:59+01:00;0;;Bundesbeschaffung;;;;
2021-02-02T23:59:59+01:00;1;294436;Burgenland;6942;2.36;9870;3.35
2021-02-02T23:59:59+01:00;2;561293;Kärnten;16661;2.97;22685;4.04
2021-02-02T23:59:59+01:00;3;1684287;Niederösterreich;43379;2.58;52264;3.1
2021-02-02T23:59:59+01:00;4;1490279;Oberösterreich;43672;2.93;70828;4.75
2021-02-02T23:59:59+01:00;5;558410;Salzburg;15469;2.77;18121;3.25
2021-02-02T23:59:59+01:00;6;1246395;Steiermark;37667;3.02;62411;5.01
2021-02-02T23:59:59+01:00;7;757634;Tirol;23046;3.04;29826;3.94
2021-02-02T23:59:59+01:00;8;397139;Vorarlberg;15233;3.84;17801;4.48
2021-02-02T23:59:59+01:00;9;1911191;Wien;55465;2.9;85509;4.47
2021-02-02T23:59:59+01:00;10;8901064;Österreich;257534;2.89;369315;4.15
2021-02-03T23:59:59+01:00;0;;Bundesbeschaffung;;;;
2021-02-03T23:59:59+01:00;1;294436;Burgenland;7176;2.44;10212;3.47
2021-02-03T23:59:59+01:00;2;561293;Kärnten;18017;3.21;24017;4.28
2021-02-03T23:59:59+01:00;3;1684287;Niederösterreich;46270;2.75;54640;3.24
2021-02-03T23:59:59+01:00;4;1490279;Oberösterreich;46828;3.14;71980;4.83
2021-02-03T23:59:59+01:00;5;558410;Salzburg;16147;2.89;21439;3.84
2021-02-03T23:59:59+01:00;6;1246395;Steiermark;40259;3.23;63605;5.1
2021-02-03T23:59:59+01:00;7;757634;Tirol;23868;3.15;31086;4.1
2021-02-03T23:59:59+01:00;8;397139;Vorarlberg;15233;3.84;18317;4.61
2021-02-03T23:59:59+01:00;9;1911191;Wien;58039;3.04;87375;4.57
2021-02-03T23:59:59+01:00;10;8901064;Österreich;271837;3.05;382671;4.3
2021-02-04T23:59:59+01:00;0;;Bundesbeschaffung;;;;
2021-02-04T23:59:59+01:00;1;294436;Burgenland;7722;2.62;10572;3.59
2021-02-04T23:59:59+01:00;2;561293;Kärnten;18329;3.27;24017;4.28
2021-02-04T23:59:59+01:00;3;1684287;Niederösterreich;47806;2.84;57166;3.39
2021-02-04T23:59:59+01:00;4;1490279;Oberösterreich;48976;3.29;71980;4.83
2021-02-04T23:59:59+01:00;5;558410;Salzburg;17833;3.19;22321;4
2021-02-04T23:59:59+01:00;6;1246395;Steiermark;43109;3.46;63947;5.13
2021-02-04T23:59:59+01:00;7;757634;Tirol;25540;3.37;31584;4.17
2021-02-04T23:59:59+01:00;8;397139;Vorarlberg;16601;4.18;19259;4.85
2021-02-04T23:59:59+01:00;9;1911191;Wien;59191;3.1;92507;4.84
2021-02-04T23:59:59+01:00;10;8901064;Österreich;285107;3.2;393353;4.42
2021-02-05T23:59:59+01:00;0;;Bundesbeschaffung;;;;
2021-02-05T23:59:59+01:00;1;294436;Burgenland;7824;2.66;10716;3.64
2021-02-05T23:59:59+01:00;2;561293;Kärnten;20729;3.69;24737;4.41
2021-02-05T23:59:59+01:00;3;1684287;Niederösterreich;48832;2.9;60406;3.59
2021-02-05T23:59:59+01:00;4;1490279;Oberösterreich;49150;3.3;78640;5.28
2021-02-05T23:59:59+01:00;5;558410;Salzburg;18061;3.23;22765;4.08
2021-02-05T23:59:59+01:00;6;1246395;Steiermark;43379;3.48;69959;5.61
2021-02-05T23:59:59+01:00;7;757634;Tirol;26136;3.45;33394;4.41
2021-02-05T23:59:59+01:00;8;397139;Vorarlberg;17801;4.48;19409;4.89
2021-02-05T23:59:59+01:00;9;1911191;Wien;65581;3.43;96207;5.03
2021-02-05T23:59:59+01:00;10;8901064;Österreich;297493;3.34;416233;4.68
2021-02-06T23:59:59+01:00;0;;Bundesbeschaffung;;;;
2021-02-06T23:59:59+01:00;1;294436;Burgenland;7998;2.72;10716;3.64
2021-02-06T23:59:59+01:00;2;561293;Kärnten;21497;3.83;24737;4.41
2021-02-06T23:59:59+01:00;3;1684287;Niederösterreich;49576;2.94;61312;3.64
2021-02-06T23:59:59+01:00;4;1490279;Oberösterreich;49150;3.3;78640;5.28
2021-02-06T23:59:59+01:00;5;558410;Salzburg;18391;3.29;22807;4.08
2021-02-06T23:59:59+01:00;6;1246395;Steiermark;44201;3.55;70265;5.64
2021-02-06T23:59:59+01:00;7;757634;Tirol;26136;3.45;33682;4.45
2021-02-06T23:59:59+01:00;8;397139;Vorarlberg;17897;4.51;19913;5.01
2021-02-06T23:59:59+01:00;9;1911191;Wien;72511;3.79;95853;5.02
2021-02-06T23:59:59+01:00;10;8901064;Österreich;307357;3.45;417925;4.7
2021-02-07T23:59:59+01:00;0;;Bundesbeschaffung;;;;
2021-02-07T23:59:59+01:00;1;294436;Burgenland;7998;2.72;10716;3.64
2021-02-07T23:59:59+01:00;2;561293;Kärnten;21497;3.83;24737;4.41
2021-02-07T23:59:59+01:00;3;1684287;Niederösterreich;49576;2.94;67732;4.02
2021-02-07T23:59:59+01:00;4;1490279;Oberösterreich;49150;3.3;83482;5.6
2021-02-07T23:59:59+01:00;5;558410;Salzburg;18391;3.29;22807;4.08
2021-02-07T23:59:59+01:00;6;1246395;Steiermark;44201;3.55;70289;5.64
2021-02-07T23:59:59+01:00;7;757634;Tirol;26136;3.45;33682;4.45
2021-02-07T23:59:59+01:00;8;397139;Vorarlberg;17897;4.51;21101;5.31
2021-02-07T23:59:59+01:00;9;1911191;Wien;72511;3.79;95853;5.02
2021-02-07T23:59:59+01:00;10;8901064;Österreich;307357;3.45;430399;4.84
2021-02-08T23:59:59+01:00;0;;Bundesbeschaffung;;;;
2021-02-08T23:59:59+01:00;1;294436;Burgenland;9870;3.35;10776;3.66
2021-02-08T23:59:59+01:00;2;561293;Kärnten;23453;4.18;27017;4.81
2021-02-08T23:59:59+01:00;3;1684287;Niederösterreich;56542;3.36;67994;4.04
2021-02-08T23:59:59+01:00;4;1490279;Oberösterreich;54316;3.64;83560;5.61
2021-02-08T23:59:59+01:00;5;558410;Salzburg;20965;3.75;23173;4.15
2021-02-08T23:59:59+01:00;6;1246395;Steiermark;53501;4.29;70931;5.69
2021-02-08T23:59:59+01:00;7;757634;Tirol;31684;4.18;35156;4.64
2021-02-08T23:59:59+01:00;8;397139;Vorarlberg;18317;4.61;22151;5.58
2021-02-08T23:59:59+01:00;9;1911191;Wien;78023;4.08;101577;5.31
2021-02-08T23:59:59+01:00;10;8901064;Österreich;346671;3.89;442335;4.97
2021-02-09T23:59:59+01:00;0;;Bundesbeschaffung;;;;
2021-02-09T23:59:59+01:00;1;294436;Burgenland;10212;3.47;12374;4.20
2021-02-09T23:59:59+01:00;2;561293;Kärnten;24245;4.32;29967;5.34
2021-02-09T23:59:59+01:00;3;1684287;Niederösterreich;59752;3.55;71138;4.22
2021-02-09T23:59:59+01:00;4;1490279;Oberösterreich;54928;3.69;83470;5.60
2021-02-09T23:59:59+01:00;5;558410;Salzburg;21973;3.93;23779;4.26
2021-02-09T23:59:59+01:00;6;1246395;Steiermark;56629;4.54;71189;5.71
2021-02-09T23:59:59+01:00;7;757634;Tirol;32680;4.31;35366;4.67
2021-02-09T23:59:59+01:00;8;397139;Vorarlberg;19409;4.89;22631;5.70
2021-02-09T23:59:59+01:00;9;1911191;Wien;80899;4.23;102891;5.38
2021-02-09T23:59:59+01:00;10;8901064;Österreich;360727;4.05;452805;5.09
2021-02-10T23:59:59+01:00;0;;Bundesbeschaffung;1200;;1230;
2021-02-10T23:59:59+01:00;1;294436;Burgenland;10572;3.59;12404;4.21
2021-02-10T23:59:59+01:00;2;561293;Kärnten;24245;4.32;30615;5.45
2021-02-10T23:59:59+01:00;3;1684287;Niederösterreich;63324;3.76;76850;4.56
2021-02-10T23:59:59+01:00;4;1490279;Oberösterreich;60480;4.06;83230;5.58
2021-02-10T23:59:59+01:00;5;558410;Salzburg;22891;4.1;24049;4.31
2021-02-10T23:59:59+01:00;6;1246395;Steiermark;64553;5.18;70823;5.68
2021-02-10T23:59:59+01:00;7;757634;Tirol;32610;4.3;36254;4.79
2021-02-10T23:59:59+01:00;8;397139;Vorarlberg;19679;4.96;22631;5.7
2021-02-10T23:59:59+01:00;9;1911191;Wien;83587;4.37;110539;5.78
2021-02-10T23:59:59+01:00;10;8901064;Österreich;383141;4.30;468625;5.26
2021-02-11T23:59:59+01:00;0;;Bundesbeschaffung;1200;;1350;
2021-02-11T23:59:59+01:00;1;294436;Burgenland;10716;3.64;12404;4.21
2021-02-11T23:59:59+01:00;2;561293;Kärnten;24605;4.38;30615;5.45
2021-02-11T23:59:59+01:00;3;1684287;Niederösterreich;66480;3.95;79240;4.70
2021-02-11T23:59:59+01:00;4;1490279;Oberösterreich;70300;4.72;83230;5.58
2021-02-11T23:59:59+01:00;5;558410;Salzburg;22999;4.12;27707;4.96
2021-02-11T23:59:59+01:00;6;1246395;Steiermark;65303;5.24;71543;5.74
2021-02-11T23:59:59+01:00;7;757634;Tirol;33178;4.38;38070;5.02
2021-02-11T23:59:59+01:00;8;397139;Vorarlberg;20363;5.13;22691;5.71
2021-02-11T23:59:59+01:00;9;1911191;Wien;91411;4.78;111653;5.84
2021-02-11T23:59:59+01:00;10;8901064;Österreich;406555;4.57;478503;5.38
2021-02-12T23:59:59+01:00;0;;Bundesbeschaffung;1200;;1350;
2021-02-12T23:59:59+01:00;1;294436;Burgenland;11846;4.02;12404;4.21
2021-02-12T23:59:59+01:00;2;561293;Kärnten;26405;4.70;32985;5.88
2021-02-12T23:59:59+01:00;3;1684287;Niederösterreich;67682;4.02;80192;4.76
2021-02-12T23:59:59+01:00;4;1490279;Oberösterreich;70810;4.75;92214;6.19
2021-02-12T23:59:59+01:00;5;558410;Salzburg;23305;4.17;28941;5.18
2021-02-12T23:59:59+01:00;6;1246395;Steiermark;65603;5.26;74561;5.98
2021-02-12T23:59:59+01:00;7;757634;Tirol;33248;4.39;41576;5.49
2021-02-12T23:59:59+01:00;8;397139;Vorarlberg;21335;5.37;22691;5.71
2021-02-12T23:59:59+01:00;9;1911191;Wien;91801;4.80;111797;5.85
2021-02-12T23:59:59+01:00;10;8901064;Österreich;413235;4.64;498711;5.60
2021-02-13T23:59:59+01:00;0;;Bundesbeschaffung;1200;;1350;
2021-02-13T23:59:59+01:00;1;294436;Burgenland;11906;4.04;14084;4.78
2021-02-13T23:59:59+01:00;2;561293;Kärnten;27053;4.82;32985;5.88
2021-02-13T23:59:59+01:00;3;1684287;Niederösterreich;68096;4.04;82710;4.91
2021-02-13T23:59:59+01:00;4;1490279;Oberösterreich;72352;4.85;92214;6.19
2021-02-13T23:59:59+01:00;5;558410;Salzburg;23359;4.18;28901;5.18
2021-02-13T23:59:59+01:00;6;1246395;Steiermark;65603;5.26;74631;5.99
2021-02-13T23:59:59+01:00;7;757634;Tirol;33248;4.39;41576;5.49
2021-02-13T23:59:59+01:00;8;397139;Vorarlberg;21641;5.45;22691;5.71
2021-02-13T23:59:59+01:00;9;1911191;Wien;93533;4.89;112335;5.88
2021-02-13T23:59:59+01:00;10;8901064;Österreich;417991;4.70;503477;5.66
2021-02-14T23:59:59+01:00;0;;Bundesbeschaffung;1200;;1350;
2021-02-14T23:59:59+01:00;1;294436;Burgenland;11906;4.04;14084;4.78
2021-02-14T23:59:59+01:00;2;561293;Kärnten;27053;4.82;32985;5.88
2021-02-14T23:59:59+01:00;3;1684287;Niederösterreich;68096;4.04;84238;5.00
2021-02-14T23:59:59+01:00;4;1490279;Oberösterreich;72352;4.85;107010;7.18
2021-02-14T23:59:59+01:00;5;558410;Salzburg;23359;4.18;28901;5.18
2021-02-14T23:59:59+01:00;6;1246395;Steiermark;65603;5.26;74631;5.99
2021-02-14T23:59:59+01:00;7;757634;Tirol;33248;4.39;41756;5.51
2021-02-14T23:59:59+01:00;8;397139;Vorarlberg;21641;5.45;22691;5.71
2021-02-14T23:59:59+01:00;9;1911191;Wien;93533;4.89;112335;5.88
2021-02-14T23:59:59+01:00;10;8901064;Österreich;417991;4.70;519981;5.84
2021-02-15T23:59:59+01:00;0;;Bundesbeschaffung;1320;;1350;
2021-02-15T23:59:59+01:00;1;294436;Burgenland;12350;4.19;13988;4.75
2021-02-15T23:59:59+01:00;2;561293;Kärnten;29723;5.30;33785;6.02
2021-02-15T23:59:59+01:00;3;1684287;Niederösterreich;76992;4.57;85470;5.07
2021-02-15T23:59:59+01:00;4;1490279;Oberösterreich;76880;5.16;107402;7.21
2021-02-15T23:59:59+01:00;5;558410;Salzburg;26945;4.83;29625;5.31
2021-02-15T23:59:59+01:00;6;1246395;Steiermark;68105;5.46;77531;6.22
2021-02-15T23:59:59+01:00;7;757634;Tirol;36948;4.88;43942;5.80
2021-02-15T23:59:59+01:00;8;397139;Vorarlberg;22013;5.54;27703;6.98
2021-02-15T23:59:59+01:00;9;1911191;Wien;98599;5.16;114589;6.00
2021-02-15T23:59:59+01:00;10;8901064;Österreich;449875;5.05;535385;6.01
2021-02-16T23:59:59+01:00;0;;Bundesbeschaffung;1320;;1350;
2021-02-16T23:59:59+01:00;1;294436;Burgenland;12404;4.21;15014;5.10
2021-02-16T23:59:59+01:00;2;561293;Kärnten;31397;5.59;40913;7.29
2021-02-16T23:59:59+01:00;3;1684287;Niederösterreich;79292;4.71;87188;5.18
2021-02-16T23:59:59+01:00;4;1490279;Oberösterreich;84386;5.66;107430;7.21
2021-02-16T23:59:59+01:00;5;558410;Salzburg;27549;4.93;29779;5.33
2021-02-16T23:59:59+01:00;6;1246395;Steiermark;69451;5.57;79651;6.39
2021-02-16T23:59:59+01:00;7;757634;Tirol;38638;5.10;45414;5.99
2021-02-16T23:59:59+01:00;8;397139;Vorarlberg;22445;5.65;27703;6.98
2021-02-16T23:59:59+01:00;9;1911191;Wien;101189;5.29;114645;6.00
2021-02-16T23:59:59+01:00;10;8901064;Österreich;468071;5.26;549087;6.17
2021-02-17T23:59:59+01:00;0;;Bundesbeschaffung;1350;;1350;
2021-02-17T23:59:59+01:00;1;294436;Burgenland;13770;4.68;15014;5.10
2021-02-17T23:59:59+01:00;2;561293;Kärnten;31397;5.59;42618;7.59
2021-02-17T23:59:59+01:00;3;1684287;Niederösterreich;81838;4.86;90764;5.39
2021-02-17T23:59:59+01:00;4;1490279;Oberösterreich;85382;5.73;109286;7.33
2021-02-17T23:59:59+01:00;5;558410;Salzburg;27771;4.97;30279;5.42
2021-02-17T23:59:59+01:00;6;1246395;Steiermark;72945;5.85;80329;6.44
2021-02-17T23:59:59+01:00;7;757634;Tirol;40408;5.33;47985;6.33
2021-02-17T23:59:59+01:00;8;397139;Vorarlberg;22529;5.67;27775;6.99
2021-02-17T23:59:59+01:00;9;1911191;Wien;108747;5.69;115677;6.05
2021-02-17T23:59:59+01:00;10;8901064;Österreich;486137;5.46;561077;6.30
2021-02-18T23:59:59+01:00;0;;Bundesbeschaffung;1350;;1350;
2021-02-18T23:59:59+01:00;1;294436;Burgenland;13840;4.70;15146;5.14
2021-02-18T23:59:59+01:00;2;561293;Kärnten;31685;5.65;42443;7.56
2021-02-18T23:59:59+01:00;3;1684287;Niederösterreich;84462;5.01;97188;5.77
2021-02-18T23:59:59+01:00;4;1490279;Oberösterreich;89682;6.02;118170;7.93
2021-02-18T23:59:59+01:00;5;558410;Salzburg;29193;5.23;30279;5.42
2021-02-18T23:59:59+01:00;6;1246395;Steiermark;74269;5.96;81977;6.58
2021-02-18T23:59:59+01:00;7;757634;Tirol;41720;5.51;51850;6.84
2021-02-18T23:59:59+01:00;8;397139;Vorarlberg;26101;6.57;27775;6.99
2021-02-18T23:59:59+01:00;9;1911191;Wien;111031;5.81;127113;6.65
2021-02-18T23:59:59+01:00;10;8901064;Österreich;503333;5.65;593291;6.67
2021-02-19T23:59:59+01:00;0;;Bundesbeschaffung;1350;;1350;
2021-02-19T23:59:59+01:00;1;294436;Burgenland;14996;5.09;17676;6.00
2021-02-19T23:59:59+01:00;2;561293;Kärnten;38285;6.82;42893;7.64
2021-02-19T23:59:59+01:00;3;1684287;Niederösterreich;85266;5.06;101300;6.01
2021-02-19T23:59:59+01:00;4;1490279;Oberösterreich;89682;6.02;119852;8.04
2021-02-19T23:59:59+01:00;5;558410;Salzburg;29583;5.30;31689;5.67
2021-02-19T23:59:59+01:00;6;1246395;Steiermark;77251;6.20;82307;6.60
2021-02-19T23:59:59+01:00;7;757634;Tirol;43142;5.69;56056;7.40
2021-02-19T23:59:59+01:00;8;397139;Vorarlberg;26191;6.59;27775;6.99
2021-02-19T23:59:59+01:00;9;1911191;Wien;111315;5.82;129633;6.78
2021-02-19T23:59:59+01:00;10;8901064;Österreich;517061;5.81;610531;6.86
2021-02-20T23:59:59+01:00;0;;Bundesbeschaffung;1350;;1350;
2021-02-20T23:59:59+01:00;1;294436;Burgenland;14996;5.09;17676;6.00
2021-02-20T23:59:59+01:00;2;561293;Kärnten;38285;6.82;42893;7.64
2021-02-20T23:59:59+01:00;3;1684287;Niederösterreich;86038;5.11;103534;6.15
2021-02-20T23:59:59+01:00;4;1490279;Oberösterreich;89970;6.04;119852;8.04
2021-02-20T23:59:59+01:00;5;558410;Salzburg;30093;5.39;34305;6.14
2021-02-20T23:59:59+01:00;6;1246395;Steiermark;77497;6.22;82415;6.61
2021-02-20T23:59:59+01:00;7;757634;Tirol;46142;6.09;56056;7.40
2021-02-20T23:59:59+01:00;8;397139;Vorarlberg;27775;6.99;27823;7.01
2021-02-20T23:59:59+01:00;9;1911191;Wien;111789;5.85;129633;6.78
2021-02-20T23:59:59+01:00;10;8901064;Österreich;523935;5.89;615537;6.92
2021-02-21T23:59:59+01:00;0;;Bundesbeschaffung;1350;;2400;
2021-02-21T23:59:59+01:00;1;294436;Burgenland;14996;5.09;17676;6.00
2021-02-21T23:59:59+01:00;2;561293;Kärnten;38285;6.82;42893;7.64
2021-02-21T23:59:59+01:00;3;1684287;Niederösterreich;86038;5.11;108370;6.43
2021-02-21T23:59:59+01:00;4;1490279;Oberösterreich;89970;6.04;119852;8.04
2021-02-21T23:59:59+01:00;5;558410;Salzburg;30093;5.39;35207;6.30
2021-02-21T23:59:59+01:00;6;1246395;Steiermark;77497;6.22;82415;6.61
2021-02-21T23:59:59+01:00;7;757634;Tirol;46142;6.09;56056;7.40
2021-02-21T23:59:59+01:00;8;397139;Vorarlberg;27775;6.99;27841;7.01
2021-02-21T23:59:59+01:00;9;1911191;Wien;111789;5.85;129633;6.78
2021-02-21T23:59:59+01:00;10;8901064;Österreich;523935;5.89;622343;6.99
2021-02-22T23:59:59+01:00;0;;Bundesbeschaffung;1350;;2400;
2021-02-22T23:59:59+01:00;1;294436;Burgenland;15396;5.23;20040;6.81
2021-02-22T23:59:59+01:00;2;561293;Kärnten;38913;6.93;44711;7.97
2021-02-22T23:59:59+01:00;3;1684287;Niederösterreich;95518;5.67;111924;6.65
2021-02-22T23:59:59+01:00;4;1490279;Oberösterreich;98140;6.59;120110;8.06
2021-02-22T23:59:59+01:00;5;558410;Salzburg;31239;5.59;37125;6.65
2021-02-22T23:59:59+01:00;6;1246395;Steiermark;79511;6.38;89715;7.20
2021-02-22T23:59:59+01:00;7;757634;Tirol;49756;6.57;59536;7.86
2021-02-22T23:59:59+01:00;8;397139;Vorarlberg;27775;6.99;31961;8.05
2021-02-22T23:59:59+01:00;9;1911191;Wien;113993;5.96;136087;7.12
2021-02-22T23:59:59+01:00;10;8901064;Österreich;551591;6.20;653609;7.34
2021-02-23T23:59:59+01:00;0;;Bundesbeschaffung;1350;;2400;
2021-02-23T23:59:59+01:00;1;294436;Burgenland;16656;5.66;19900;6.76
2021-02-23T23:59:59+01:00;2;561293;Kärnten;39987;7.12;50719;9.04
2021-02-23T23:59:59+01:00;3;1684287;Niederösterreich;99148;5.89;117038;6.95
2021-02-23T23:59:59+01:00;4;1490279;Oberösterreich;99578;6.68;120110;8.06
2021-02-23T23:59:59+01:00;5;558410;Salzburg;34371;6.16;37171;6.66
2021-02-23T23:59:59+01:00;6;1246395;Steiermark;79799;6.40;91021;7.30
2021-02-23T23:59:59+01:00;7;757634;Tirol;52252;6.90;61448;8.11
2021-02-23T23:59:59+01:00;8;397139;Vorarlberg;27823;7.01;31961;8.05
2021-02-23T23:59:59+01:00;9;1911191;Wien;119351;6.24;138537;7.25
2021-02-23T23:59:59+01:00;10;8901064;Österreich;570315;6.41;670305;7.53
2021-02-24T23:59:59+01:00;0;;Bundesbeschaffung;2400;;2400;
2021-02-24T23:59:59+01:00;1;294436;Burgenland;17454;5.93;20200;6.86
2021-02-24T23:59:59+01:00;2;561293;Kärnten;41681;7.43;50849;9.06
2021-02-24T23:59:59+01:00;3;1684287;Niederösterreich;103280;6.13;120800;7.17
2021-02-24T23:59:59+01:00;4;1490279;Oberösterreich;109740;7.36;120110;8.06
2021-02-24T23:59:59+01:00;5;558410;Salzburg;35793;6.41;37189;6.66
2021-02-24T23:59:59+01:00;6;1246395;Steiermark;80357;6.45;94615;7.59
2021-02-24T23:59:59+01:00;7;757634;Tirol;53566;7.07;61652;8.14
2021-02-24T23:59:59+01:00;8;397139;Vorarlberg;27841;7.01;34109;8.59
2021-02-24T23:59:59+01:00;9;1911191;Wien;122933;6.43;141671;7.41
2021-02-24T23:59:59+01:00;10;8901064;Österreich;595045;6.69;683595;7.68
2021-02-25T23:59:59+01:00;0;;Bundesbeschaffung;2400;;2400;
2021-02-25T23:59:59+01:00;1;294436;Burgenland;19576;6.65;20344;6.91
2021-02-25T23:59:59+01:00;2;561293;Kärnten;43331;7.72;50949;9.08
2021-02-25T23:59:59+01:00;3;1684287;Niederösterreich;107470;6.38;128364;7.62
2021-02-25T23:59:59+01:00;4;1490279;Oberösterreich;111264;7.47;120170;8.06
2021-02-25T23:59:59+01:00;5;558410;Salzburg;36901;6.61;37381;6.69
2021-02-25T23:59:59+01:00;6;1246395;Steiermark;83273;6.68;113345;9.09
2021-02-25T23:59:59+01:00;7;757634;Tirol;54706;7.22;63662;8.40
2021-02-25T23:59:59+01:00;8;397139;Vorarlberg;31961;8.05;34109;8.59
2021-02-25T23:59:59+01:00;9;1911191;Wien;127327;6.66;143119;7.49
2021-02-25T23:59:59+01:00;10;8901064;Österreich;618209;6.95;713843;8.02
2021-02-26T23:59:59+01:00;0;;Bundesbeschaffung;2400;;2400;
2021-02-26T23:59:59+01:00;1;294436;Burgenland;19876;6.75;22564;7.66
2021-02-26T23:59:59+01:00;2;561293;Kärnten;47635;8.49;52194;9.30
2021-02-26T23:59:59+01:00;3;1684287;Niederösterreich;112096;6.66;132484;7.87
2021-02-26T23:59:59+01:00;4;1490279;Oberösterreich;111798;7.50;136084;9.13
2021-02-26T23:59:59+01:00;5;558410;Salzburg;37117;6.65;42811;7.67
2021-02-26T23:59:59+01:00;6;1246395;Steiermark;87641;7.03;117109;9.40
2021-02-26T23:59:59+01:00;7;757634;Tirol;57476;7.59;66719;8.81
2021-02-26T23:59:59+01:00;8;397139;Vorarlberg;31961;8.05;35309;8.89
2021-02-26T23:59:59+01:00;9;1911191;Wien;134745;7.05;143539;7.51
2021-02-26T23:59:59+01:00;10;8901064;Österreich;642745;7.22;751213;8.44
2021-02-27T23:59:59+01:00;0;;Bundesbeschaffung;2400;;2400;
2021-02-27T23:59:59+01:00;1;294436;Burgenland;19876;6.75;22564;7.66
2021-02-27T23:59:59+01:00;2;561293;Kärnten;48313;8.61;51239;9.13
2021-02-27T23:59:59+01:00;3;1684287;Niederösterreich;112576;6.68;148600;8.82
2021-02-27T23:59:59+01:00;4;1490279;Oberösterreich;111798;7.50;140716;9.44
2021-02-27T23:59:59+01:00;5;558410;Salzburg;37135;6.65;43897;7.86
2021-02-27T23:59:59+01:00;6;1246395;Steiermark;87719;7.04;118217;9.48
2021-02-27T23:59:59+01:00;7;757634;Tirol;57476;7.59;67752;8.94
2021-02-27T23:59:59+01:00;8;397139;Vorarlberg;34109;8.59;35309;8.89
2021-02-27T23:59:59+01:00;9;1911191;Wien;137237;7.18;143539;7.51
2021-02-27T23:59:59+01:00;10;8901064;Österreich;648639;7.29;774233;8.70
2021-02-28T23:59:59+01:00;0;;Bundesbeschaffung;2400;;2400;
2021-02-28T23:59:59+01:00;1;294436;Burgenland;19876;6.75;22564;7.66
2021-02-28T23:59:59+01:00;2;561293;Kärnten;48313;8.61;51239;9.13
2021-02-28T23:59:59+01:00;3;1684287;Niederösterreich;112576;6.68;150792;8.95
2021-02-28T23:59:59+01:00;4;1490279;Oberösterreich;111798;7.50;146314;9.82
2021-02-28T23:59:59+01:00;5;558410;Salzburg;37135;6.65;44731;8.01
2021-02-28T23:59:59+01:00;6;1246395;Steiermark;87719;7.04;118217;9.48
2021-02-28T23:59:59+01:00;7;757634;Tirol;57476;7.59;67752;8.94
2021-02-28T23:59:59+01:00;8;397139;Vorarlberg;34109;8.59;35309;8.89
2021-02-28T23:59:59+01:00;9;1911191;Wien;137237;7.18;162201;8.49
2021-02-28T23:59:59+01:00;10;8901064;Österreich;648639;7.29;801519;9.00
2021-03-01T23:59:59+01:00;0;;Bundesbeschaffung;2400;;2400;
2021-03-01T23:59:59+01:00;1;294436;Burgenland;20200;6.86;26128;8.87
2021-03-01T23:59:59+01:00;2;561293;Kärnten;48627;8.66;51685;9.21
2021-03-01T23:59:59+01:00;3;1684287;Niederösterreich;122764;7.29;155016;9.20
2021-03-01T23:59:59+01:00;4;1490279;Oberösterreich;116454;7.81;150162;10.08
2021-03-01T23:59:59+01:00;5;558410;Salzburg;40693;7.29;45553;8.16
2021-03-01T23:59:59+01:00;6;1246395;Steiermark;101005;8.10;122235;9.81
2021-03-01T23:59:59+01:00;7;757634;Tirol;58646;7.74;73276;9.67
2021-03-01T23:59:59+01:00;8;397139;Vorarlberg;34109;8.59;44567;11.22
2021-03-01T23:59:59+01:00;9;1911191;Wien;141059;7.38;171969;9.00
2021-03-01T23:59:59+01:00;10;8901064;Österreich;685957;7.71;842991;9.47
2021-03-02T23:59:59+01:00;0;;Bundesbeschaffung;2400;;4400;
2021-03-02T23:59:59+01:00;1;294436;Burgenland;21334;7.25;26128;8.87
2021-03-02T23:59:59+01:00;2;561293;Kärnten;49171;8.76;56165;10.01
2021-03-02T23:59:59+01:00;3;1684287;Niederösterreich;129535;7.69;158260;9.40
2021-03-02T23:59:59+01:00;4;1490279;Oberösterreich;117960;7.92;151490;10.17
2021-03-02T23:59:59+01:00;5;558410;Salzburg;42523;7.62;46363;8.30
2021-03-02T23:59:59+01:00;6;1246395;Steiermark;105547;8.47;122441;9.82
2021-03-02T23:59:59+01:00;7;757634;Tirol;59824;7.90;75544;9.97
2021-03-02T23:59:59+01:00;8;397139;Vorarlberg;34109;8.59;44567;11.22
2021-03-02T23:59:59+01:00;9;1911191;Wien;141625;7.41;172209;9.01
2021-03-02T23:59:59+01:00;10;8901064;Österreich;704028;7.91;857567;9.63